 8.242350E+07      2.039271E+05      3.048531E+06      8.006155E+06      3.014441E+06      3.706434E+03      2.297126E+14      5.171632E+05
 2.039271E+05      2.096401E+06     -3.449618E+06      1.875506E+07     -4.864921E+06     -1.077526E+04      7.961774E+14      1.879287E+03
 3.048531E+06     -3.449618E+06      1.506410E+07     -2.024868E+07      1.545624E+07      2.548309E+04     -2.675898E+15      2.763234E+04
 8.006155E+06      1.875506E+07     -2.024868E+07      2.113022E+09     -4.378718E+08     -1.193549E+06      3.995380E+15      1.024695E+05
 3.014441E+06     -4.864921E+06      1.545624E+07     -4.378718E+08      2.973331E+08      5.697121E+05     -3.286399E+15      1.524663E+04
 3.706434E+03     -1.077526E+04      2.548309E+04     -1.193549E+06      5.697121E+05      1.950130E+03     -6.068620E+12      3.510390E+01
 2.297126E+14      7.961774E+14     -2.675898E+15      3.995380E+15     -3.286399E+15     -6.068620E+12      8.293636E+23      8.725045E+11
 5.171632E+05      1.879287E+03      2.763234E+04      1.024695E+05      1.524663E+04      3.510390E+01      8.725045E+11      5.570330E+03
